-0.33109803150535 -0.66627481067557 0.37304265277859 -0.61533455986295
-0.15422037554700 0.74913697471416 -1.24753899329318 0.67683909191141
0.24849192736402 1.17707839085311 0.31598939955536 1.12217297833353
-1.56295266148783 0.45208382329865 -0.01778899188940 1.56629997832433
-0.03475084948413 -1.85908471201018 0.19951189783880 0.67104373220306
-1.31059022955883 0.86990831464651 -1.21246161896388 -0.61508379528393
-0.23580733414263 0.47292769004603 -0.40142406560168 -0.05940888034361
2.04095811768434 0.18800187909726 0.09925916156813 0.29654215687014
-0.93002872324349 0.56156302208278 0.88905721866912 1.68100519206523
1.28870812831418 -0.43543713567464 0.56514944163629 -0.12228585209568
0.94534980959408 -1.44206150722792 0.63379020788570 -0.18693185999294
-0.25229250240057 -0.29869159113751 0.84061865932564 0.29513687411264
-1.37218562034176 0.92998723781284 -1.37447528988744 0.88666819165133
-0.92152496173472 -2.36909016282698 -0.93334327941321 -1.49829384994273
0.53254225352917 -0.98363698847213 -0.28697440721045 0.60903495223802
-0.17538103348019 -1.11165750332802 -0.69940573443826 2.22091422922510
-0.26181198775855 -0.48665424085019 0.07998643927085 2.26876704790842
-1.07469593185597 0.34843080737687 -1.88530969182146 -0.37577726409636
-1.19138482054954 1.69583189276665 -0.53459262853915 -1.24044764053327
-1.09147757879653 -0.13904053043592 -0.22802569493355 -0.15609672773489
-0.56495311531599 -1.17156782274273 0.03994543148802 1.57289035140018
1.25098283582491 0.18809553690370 0.73670084347367 -1.37842250859984
1.89238774446931 -0.20451509550221 1.57107894306602 -1.10083423197283
1.66330590233536 0.12042540969436 -1.08935018722574 -0.48834019223524
-0.10360366287982 0.67654772693656 1.21558960381107 0.79860260897645
-1.02003865549417 -0.05394745677292 0.21030708018806 0.73151665870760
0.90868069992493 0.51371404084371 -0.02532331519857 -0.46214538126145
0.38151906029201 -1.59341784009643 0.37736473551179 0.21690514406842
-0.82453456363508 1.54567894234208 -0.69818872618357 1.69260932134597
-1.30206480136263 1.05002621726903 2.34418216768171 -0.71536359616186
1.25551945820791 -0.53002564788597 1.04834497542602 -0.06213376834036
0.51282703064472 -0.06408971445415 0.02584154946667 0.01118296615054
1.03425821569477 -0.73778958486544 -0.62648914296717 -0.95032352898018
0.61483364497598 0.16743167389775 0.46430719706397 -0.77099441349964
-1.70426623637489 -0.79869324235347 0.18523633302611 0.78458985161544
0.12902477430775 -0.62523114925644 0.55657055168484 -1.64245177433161
0.65612415703167 1.00386520801457 0.20308147518458 1.18908836069326
2.54103937259421 -0.43061757171223 1.68110222465428 -0.72791355671044
-1.70985163342642 1.04184439237247 -0.40894381859861 0.55960402882824
0.09703254988361 -1.56109362322564 0.62985721810343 -0.26336694659896
-0.52415251403587 -3.02588005868539 2.08359259598273 0.04217054348702
0.13539595058754 0.58095778312371 -0.20120081955724 0.81228010095595
1.22327744022311 0.21592170051275 -0.63488662507719 -1.64910311761431
-0.55191930251195 0.00462149063337 -0.63534662878974 -0.63233164016659
0.01577673826685 -0.68154231616194 0.37331115313483 -0.46345772321525
0.94035733857919 -1.27030707072658 0.56313372379665 -0.27668043419382
-0.22061028486311 0.25190518266626 0.66680979935965 -0.01300030563823
2.29620042888831 1.39103094750047 0.78073038029949 -2.28851929417417
-0.08975850631375 0.92155132703288 2.86688285822498 0.00685954784919
-0.36391963268078 -0.58604082081402 -0.28512802667508 1.43066897839764
-1.09022614785472 -0.03414375073025 -0.93921585572285 -3.17107198978850
2.05686579860740 -1.50159787715973 0.12794694872960 0.35903843512348
0.09351606561297 -0.87136334778576 -0.67982601620113 0.60124742718312
-0.71141877145253 -0.59650023734607 1.40541914170559 -0.36348904334970
0.73585441982812 0.54938929874979 -0.88318960400528 -0.63115863474805
1.16275844801061 0.19098918766049 -0.57796606505690 -0.08971063960698
1.21318005576027 1.01100713306725 1.13583433624907 -0.09981055822930
0.27767260420746 -0.13624793964981 -1.49610561500405 0.74368399738901
-0.24058077103333 -1.49369120189171 0.97009854322069 -0.73313779618046
1.35257319959460 -0.00261005598776 -0.55765454468715 -0.13270407848053
-1.05923439046049 -1.44420882726104 0.20948793838746 -0.05871977214558
1.60595880322736 0.40254584076452 -0.35332738217057 0.45951781962673
0.58311231633208 0.66371243521477 -0.05610850304016 -0.05204861110660
-1.06017743866604 2.47965975922208 1.00751325391268 -1.06739878458100
1.19666322748604 0.11178003398621 0.12471065544248 0.90940087778378
0.60417439590548 -0.04039849015273 -0.84272205672624 -0.82539510553743
0.70441992117008 -1.21190464769800 -0.83642375825900 1.76366137887096
2.54275200936009 1.03037363993845 -0.41265550146337 -2.16778836100781
-0.00345774557825 -0.53711000437558 2.44312017099133 1.49716427041245
-1.11907301541799 -1.43737960060321 -0.56147887403455 -0.17017086849457
1.03149496444359 0.80637300233103 -0.27584587514857 -1.71633155802785
1.17206733520764 -0.28576101244031 0.21354309814439 -2.71969634221187
-0.19709337902589 -0.12018677896260 0.43265098852996 1.43373916652798
1.18136239132302 -1.17584387026131 1.61031226524757 -0.35585768961674
1.01586519345047 -0.13149511100038 -1.20041877325821 1.37937026329000
0.13287404901860 -0.50625208732688 -1.80072737271611 0.11338051195273
-1.45895919491325 -0.86795266692232 -0.83052279095632 0.96605174179919
-1.70929063384923 -0.08091830945714 -0.01380313184694 0.44706336205372
0.17596098274575 1.29842598748335 -0.78242312256610 -0.47195313541520
-1.85443597887442 -0.76450316702394 1.03398832962028 -0.02974697376318
0.47985203123727 -0.89372295746078 -0.16815186535014 0.20313522310623
0.19478212010764 -0.03647800082547 -1.22401233969744 0.61634697766312
2.46105741763637 0.89787474706663 -1.68438845518618 1.38052810519206
0.41330227059584 -0.87450857950770 0.24230146497557 1.01774202627146
1.78113918793803 1.28387902877589 0.87731250986050 -0.74075069209515
0.30931143395183 -1.39275009102414 -0.40212206108172 -0.33320710861878
1.21139935773015 -0.24837312042776 -0.27839235340062 0.03842289732800
-3.00236192606479 1.43527980532583 -0.64625318041186 0.83421723832849
-2.26741062677782 0.51786406610349 0.75765552989879 0.56647003145424
-1.65260603131257 1.39736716020988 0.84832194604931 0.19312674299420
0.80958627983123 -0.26668610281395 1.13404394413887 0.83571690752974
-1.38439877622606 -0.16487797664725 0.84957906434985 1.15520065654826
-1.05533658966574 0.49657819861351 -0.33107181734350 0.54897920002655
0.26190737505849 -0.19864317622937 0.86004670077112 -0.56587331389384
0.72982947720206 0.48272830036439 -1.23949072952056 -0.25048707709558
-0.72978359684262 0.72557149586695 -1.20577336019748 -0.29408162232311
1.39293692666797 -1.29507951172965 0.44844244213632 -1.45973241093639
0.38286532699712 0.30737541246065 -2.57704268725186 -0.49701202403257
1.58181032499329 1.18671325894180 -0.14547561581000 -1.28009597243279
-0.18845641457231 0.07497086254617 2.00825164498164 -0.34021275580335
-0.66655307517791 0.96339561529034 -1.60420019046429 -1.05948108825598
-0.20123859117890 1.31933469460076 0.44754318381061 -1.21240910756585
0.66318966483032 0.39252205089526 -0.47766995907971 0.04843311628185
1.14651470349817 0.49585649474720 -0.60961267842388 -0.89084051200531
2.08553779636127 0.25010252375316 1.33984406630394 0.16125822208689
-1.33064020213297 1.76256971382575 -2.02216635006344 -0.13093017259049
-1.84781532313460 -2.15050307373303 -0.51172711635778 0.04813741163140
-1.34362181962637 -0.26648831537912 -1.28036670369417 -0.24553851682436
0.13887131469351 -1.22273430160166 -0.47218224546842 -1.57787335582457
0.65773763428825 -0.71808360268908 0.57261201855831 -0.80164144950178
-1.30220080250426 0.66606899669132 -0.36210025530501 0.68823467207432
-0.50212301534175 0.94113300018800 1.03265435873700 0.47423604963331
-0.68353679649897 -0.53625974436366 0.02252216234694 -1.15393318280417
-0.79298327688200 1.07024306239828 0.92030687169912 0.26966958771735
0.31493175242500 0.94766379287288 1.74292695573947 -0.93332937487986
0.53611237730372 -1.26746345580773 0.02861055068468 -1.11441736328980
0.34898140620644 -0.39465662914282 1.32041116778607 -0.47238885909514
-0.78612980881422 0.66185498741679 0.18414344210983 -0.36140963108075
-2.05554749986929 -1.08650955414583 -0.04112243485678 0.97284934140573
0.00408307919162 0.03544289347068 0.06120487470806 -0.15213442364209
1.68844527306807 -1.63403044460478 -1.09367971903379 -0.56653123267199
0.12108222355953 -0.06928594997730 -1.99230963559386 -0.10442150151103
-0.21465421672486 0.20928924760632 0.18870330582567 0.59235971027608
0.70257507825174 0.92306180208780 0.30810896436788 -1.44572791712221
-1.54051964406046 -1.61942515209599 0.63352784036517 0.22169520384790
0.08404807023437 -0.40007530145309 -0.33731471850461 -1.32695970199507
0.96798099558819 0.13713342356108 0.60391958918379 -0.43665260590945
0.49629632647079 -0.71836241432615 1.53933419143123 0.45674160592932
0.71339577980895 -0.57946761964234 0.39979991962182 -0.47432733250101
1.90726887875460 0.15550518818427 0.47273762674393 -1.27113738641385
0.70211981551406 -0.15557137850883 -0.37573843684834 0.70434142255006
0.89801186402164 -0.66061322146355 -1.47404151274500 2.21242595919251
1.23747341190958 0.04941199318291 0.45693365802326 -1.25360750736575
1.50238288006340 0.21525808096498 -0.33908261907386 -0.23878164007043
1.10286375633481 1.00184467765974 0.58020118811601 0.68198832179560
0.97744097284167 0.34921163009103 0.52454563490554 0.18603048800221
-0.99166514403446 -0.52299432967518 0.13098271419550 1.05277876415737
1.05124201857308 -0.20485105499704 -0.80817758302734 -1.06029170728882
0.67177222508996 -0.60456853141688 1.62898079339102 -1.20310771372463
1.30720249011616 0.99440755766874 0.69436822318947 0.31921880128385
0.26573987820035 1.32494912316725 0.67796516633513 -0.12582388658439
-0.35471636990905 -0.74435563181726 1.27058469626324 0.15955167848707
-0.08136811298647 -1.17294107312650 -0.77478027425781 0.57151953773318
-0.03817169511773 -3.00878115793188 -1.12105065939044 1.41238143376658
2.07295049798608 0.95423532881327 -2.13510402433530 0.08923576975586
2.56851053152357 2.45182201237412 0.25980672005339 -0.43053038233686
-2.81382416858189 0.84759999012026 -0.69497185525803 0.60252736281571
-0.57011329625848 -1.02688222246936 0.34482455239970 -0.96875753208462
1.02487967630247 1.89545352477020 -1.22719875280139 0.18750501802393
0.49815588856235 -0.43418249030083 -0.93193743554022 0.46847517916369
